531
2.7
0
497
2.6
0
514
2.6
0
520
2.4
0
532
2.6
0
533
2.2
0
498
2.4
0
529
2.7
0
516
2.7
0
500
2.6
0
532
2.6
0
418
2.4
0
526
2.6
0
533
2.6
0
529
2.7
0
495
2.6
0
511
2.7
0
504
2.6
0
519
2.1
0
525
2.3
0
518
2.6
0
496
2.6
0
532
2.5
0
485
2.6
0
530
2.6
0
520
2.7
0
512
2.6
0
527
2.6
0
526
2.6
0
514
2.6
0
514
2.7
0
501
2.5
0
523
2.7
0
478
2.5
0
521
2.6
0
528
2.7
0
511
2.6
0
530
2.6
0
531
2.6
0
514
2.7
0
518
2.6
0
520
2.2
0
518
2.7
0
504
2.6
0
485
2.6
0
528
2.6
0
492
1.8
0
526
2.4
0
532
2.5
0
532
2.6
0
520
2.6
0
527
2.6
0
531
2.7
0
526
2.6
0
505
2.5
0
515
2.6
0
525
2.4
0
530
2.6
0
529
2.5
0
499
2.2
0
467
2.6
0
516
2.3
0
520
2.6
0
518
2.6
0
531
2.6
0
451
2.6
0
516
2.6
0
532
2.6
0
517
2.6
0
477
2.2
0
527
2.3
0
531
2.6
0
527
2.5
0
525
2.7
0
532
2.7
0
529
2.6
0
532
2.7
0
507
2.6
0
506
2.7
0
526
2.7
0
506
2.6
0
494
2.4
0
482
2.6
0
530
2.6
0
502
2.6
0
532
2.6
0
522
2.5
0
529
2.5
0
530
2.6
0
488
2.5
0
523
2.7
0
532
2.6
0
513
2.7
0
530
2.7
0
525
2.5
0
527
2.6
0
482
2.6
0
530
2.6
0
515
2.6
0
532
2.6
0
530
2.7
0
531
2.6
0
493
2.6
0
526
2.7
0
514
2.6
0
513
2.5
0
530
2.6
0
531
2.6
0
503
2.5
0
530
2.4
0
515
2.6
0
490
2.5
0
478
2.6
0
532
2.7
0
498
2.4
0
530
2.7
0
533
2.7
0
489
2.6
0
519
2.6
0
514
2.6
0
506
2.6
0
523
2.6
0
516
2.6
0
466
2.3
0
529
2.6
0
533
2.7
0
517
2.6
0
506
2.5
0
501
2.5
0
524
2.5
0
530
2.6
0
506
2.5
0
528
2.6
0
531
2.5
0
477
2.5
0
507
2.6
0
522
2.6
0
523
2.6
0
484
2.6
0
532
2.6
0
496
2.5
0
520
2.6
0
513
2.4
0
530
2.6
0
519
2.6
0
522
2.7
0
498
2.4
0
532
2.6
0
496
2.5
0
487
2.4
0
524
2.5
0
530
2.2
0
510
2.7
0
529
2.7
0
530
2.4
0
522
2.6
0
533
2.6
0
518
2.7
0
507
2.6
0
507
2.5
0
523
2.6
0
489
2.6
0
525
2.7
0
505
2.5
0
523
2.5
0
527
2.4
0
498
2.6
0
532
2.6
0
513
2.7
0
494
2.6
0
527
2.6
0
532
2.7
0
522
2.6
0
527
2.7
0
514
2.4
0
527
2.6
0
518
2.7
0
501
2.4
0
531
2.1
0
527
2.6
0
497
2.6
0
503
2.6
0
526
2.6
0
506
2.6
0
527
2.7
0
520
2.6
0
488
2.6
0
519
2.5
0
520
2.6
0
496
2.4
0
524
2.6
0
529
2.6
0
521
2.4
0
516
2.6
0
491
2.4
0
523
2.7
0
520
2.7
0
475
2.6
0
533
2.6
0
499
2.6
0
505
2.4
0
519
2.6
0
532
2.7
0
521
2.7
0
526
2.6
0
529
2.6
0
528
2.6
0
470
2.6
0
499
2.5
0
527
2.6
0
520
2.5
0
520
2.5
0
506
2.7
0
529
2.6
0
521
2.7
0
522
2.6
0
526
2.5
0
529
2.6
0
512
2.6
0
533
2.6
0
457
2.6
0
529
2.4
0
526
2.5
0
527
2.6
0
530
2.6
0
482
2.6
0
527
2.6
0
517
2.5
0
488
2.6
0
460
2.6
0
515
2.7
0
510
2.6
0
523
2.3
0
533
2.6
0
507
2.7
0
501
2.6
0
489
2.6
0
518
2.5
1
530
2.6
1
515
2.6
1
523
2.6
1
519
2.5
1
527
2.6
1
529
2.6
1
527
2.6
1
498
2.6
1
515
2.7
1
514
2.7
1
531
2.6
1
533
2.7
1
508
2.7
1
486
2.7
1
530
2.7
1
530
2.6
1
525
2.6
1
530
2.6
1
490
2.5
1
532
2.6
1
530
2.2
1
521
2.2
1
491
2.6
1
517
2.6
1
529
2.6
1
517
2.6
1
509
2.6
1
521
2.6
1
529
2.7
1
509
2.5
1
506
2.6
1
514
2.7
1
511
2.5
1
518
2.6
1
533
2.7
1
516
2.6
1
527
2.5
1
496
2.6
1
504
2.5
1
501
2.7
1
473
2.6
1
512
2.7
1
519
2.5
1
528
2.6
1
503
2.6
1
498
2.6
1
501
2.6
1
484
2.7
1
530
2.5
1
491
2.2
1
530
2.6
1
528
2.6
1
519
2.6
1
504
2.3
1
527
2.6
1
522
2.6
1
532
2.7
1
497
2.6
1
531
2.6
1
529
2.7
1
520
2.5
1
507
2.5
1
495
2.6
1
532
2.7
1
531
2.4
1
530
2.5
1
527
2.7
1
505
2.7
1
493
2.7
1
519
2.6
1
526
2.7
1
529
2.6
1
499
2.7
1
530
2.6
1
528
2.7
1
519
2.7
1
529
2.6
1
520
2.5
1
518
2.5
1
510
2.6
1
530
2.6
1
521
2.7
1
532
2.6
1
503
2.7
1
529
2.6
1
488
2.6
1
484
2.3
1
531
2.6
1
509
1.5
1
530
2.6
1
479
2.6
1
518
2.6
1
532
2.7
1
522
2.6
1
509
2.5
1
509
2.7
1
521
2.4
1
533
2.7
1
533
2.5
1
472
2.5
1
531
2.6
1
520
2.5
1
532
2.6
1
527
2.7
1
522
2.5
1
518
2.6
1
521
2.5
1
531
2.5
1
502
2.5
1
526
2.6
1
514
2.6
1
515
2.4
1
529
2.7
1
525
2.5
1
530
2.6
1
533
2.7
1
530
2.3
1
529
2.6
1
510
2.6
1
503
2.6
1
474
2.6
1
532
2.6
1
520
2.7
1
510
2.7
1
488
2.6
1
491
2.5
1
523
2.7
1
525
2.6
1
521
2.5
1
531
2.7
1
473
2.6
1
517
2.6
1
502
2.7
1
514
2.7
1
511
2.6
1
525
2.7
1
531
2.6
1
521
2.6
1
532
2.6
1
517
2.7
1
531
2.5
1
525
2.7
1
520
2.5
1
533
2.7
1
529
2.3
1
489
2.6
1
525
2.6
1
524
2.6
1
527
2.6
1
519
2.6
1
496
2.6
1
526
2.6
1
522
2.5
1
533
2.7
1
524
2.4
1
504
2.6
1
514
2.4
1
525
2.5
1
526
2.5
1
522
2.6
1
525
2.6
1
503
2.7
1
530
2.7
1
524
2.6
1
524
2.6
1
528
2.6
1
533
2.7
1
527
2.6
1
531
2.6
1
511
2.6
1
517
2.7
1
530
2.6
1
518
2.6
1
515
2.6
1
527
2.7
1
522
2.1
1
524
2.7
1
488
2.6
1
498
2.6
1
529
2.5
1
488
2.2
1
515
2.6
1
509
2.6
1
529
2.7
1
526
2.6
1
528
2.6
1
518
2.7
1
517
2.7
1
527
2.6
1
503
2.6
1
528
2.6
1
527
2.5
1
508
2.5
1
526
2.7
1
522
2.6
1
519
2.7
1
501
2.5
1
521
2.7
1
504
2.5
1
503
2.6
1
530
2.5
1
528
2.4
1
515
2.7
1
532
2.7
1
520
2.1
1
528
2.6
1
525
2.6
1
521
2.5
1
524
2.5
1
493
2.7
1
508
2.3
1
527
2.5
1
504
2.6
1
506
2.6
1
532
2.7
1
461
2.6
1
498
2.6
1
529
2.6
1
533
2.6
1
522
2.6
1
529
2.6
1
512
2.6
1
498
2.0
1
531
2.6
1
525
2.6
1
530
2.6
1
524
2.6
1
528
2.5
1
525
2.7
1
533
2.7
1
523
2.0
1
517
2.6
1
504
2.7
1
514
2.6
1
532
2.6
1
505
2.7
1
504
2.5
1
530
2.6
1
522
2.6
1
525
2.6
1
530
2.5
1
502
2.6
1
518
2.5
1
530
2.6
1
521
2.5
1
513
2.6
1
528
2.2
1
520
2.6
1
526
2.6
1
525
2.6
1
529
2.6
1
528
2.6
1
515
2.6
1
533
2.7
1
515
2.6
1
486
2.7
1
529
2.6
1
512
2.6
1
530
2.6
1
511
2.6
1
533
2.6
1
526
2.6
1
522
2.6
1
495
2.6
1
513
2.4
1
515
2.5
1
531
2.6
1
530
2.6
1
522
2.6
1
531
2.6
1
531
2.6
1
513
2.7
1
525
2.6
1
510
2.6
1
527
2.7
1
483
2.7
1
533
2.7
1
531
2.6
1
501
2.7
1
512
2.6
1
518
2.7
1
519
2.7
1
483
2.6
1
525
2.7
1
498
2.5
1
508
2.6
1
528
2.4
1
501
2.6
1
514
2.6
1
526
2.7
1
522
2.5
1
474
2.6
1
531
2.7
1
531
2.7
1
498
2.4
1
510
2.3
1
531
2.6
1
503
2.6
1
527
2.5
1
524
2.4
1
528
2.6
1
525
2.6
1
510
2.3
1
532
2.6
1
507
2.7
1
504
2.5
1
510
2.6
1
528
2.6
1
502
2.6
1
513
2.7
1
518
2.4
1
530
2.7
1
531
2.6
1
526
2.5
1
518
2.4
1
497
2.6
1
519
2.7
1
482
2.4
1
519
2.6
1
533
2.6
1
533
2.6
1
516
2.7
1
492
2.7
1
488
2.4
1
525
2.5
1
531
2.5
1
523
2.6
1
527
2.6
1
524
2.7
1
503
2.6
1
502
2.6
1
532
2.7
1
516
2.6
1
532
2.6
1
527
2.6
1
517
2.6
1
531
2.6
1
493
2.1
1
526
2.4
1
522
2.5
1
533
2.6
1
520
2.5
1
504
2.7
1
529
2.6
1
533
2.4
1
529
2.6
1
508
2.7
1
505
2.7
1
518
2.6
1
481
2.6
1
515
2.3
1
522
2.6
1
533
2.6
1
508
2.6
1
533
2.6
1
510
2.6
1
516
2.7
1
510
2.5
1
507
2.0
1
508
2.6
1
524
2.6
1
510
2.6
1
500
2.7
1
515
2.6
1
520
2.7
1
525
2.4
1
513
2.6
1
520
2.6
1
525
2.7
1
500
2.6
1
529
2.5
1
497
2.6
1
529
2.6
1
509
2.3
1
508
2.6
1
531
2.6
1
532
2.6
1
510
2.6
1
532
2.7
1
524
2.6
1
514
2.6
1
532
2.6
1
511
2.6
1
520
2.4
1
507
2.7
1
499
2.6
1
473
2.5
1
524
2.5
1
517
2.7
1
533
2.5
1
531
2.7
1
531
2.7
1
505
2.6
1
510
2.5
1
489
2.6
1
523
2.6
1
503
2.5
1
517
2.7
1
526
2.7
1
521
2.7
1
530
2.6
1
525
2.7
1
513
2.6
1
527
2.7
1
517
2.3
1
532
2.7
1
531
2.6
1
531
2.6
1
533
2.7
1
508
2.7
1
529
2.6
1
526
2.5
1
518
2.6
1
492
2.6
1
519
2.6
1
528
2.6
1
499
2.7
1
529
2.7
2
532
2.7
2
531
2.7
2
533
2.7
2
532
2.7
2
528
2.7
2
533
2.7
2
517
2.7
2
523
2.7
2
531
2.7
2
292
2.7
2
529
2.7
2
532
2.7
2
515
2.6
2
533
2.7
2
530
2.7
2
523
2.7
2
531
2.7
2
532
2.6
2
522
2.7
2
515
2.7
2
533
2.7
2
524
2.7
2
509
2.7
2
469
2.7
2
527
2.7
2
524
2.7
2
529
2.7
2
532
2.7
2
531
2.7
2
530
2.7
2
532
2.7
2
533
2.7
2
524
2.7
2
532
2.6
2
532
2.7
2
533
2.7
2
519
2.7
2
531
2.7
2
524
2.7
2
525
2.7
2
530
2.7
2
532
2.7
2
527
2.7
2
533
2.6
2
533
2.7
2
532
2.7
2
533
2.7
2
530
2.6
2
533
2.7
2
532
2.7
2
530
2.6
2
526
2.7
2
529
2.7
2
528
2.7
2
526
2.7
2
529
2.7
2
521
2.6
2
530
2.6
2
530
2.7
2
517
2.7
2
521
2.6
2
527
2.7
2
531
2.7
2
522
2.6
2
527
2.6
2
518
2.7
2
533
2.7
2
522
2.6
2
522
2.7
2
517
2.7
2
529
2.7
2
531
2.6
2
533
2.6
2
533
2.7
2
527
2.7
2
522
2.7
2
533
2.7
2
529
2.7
2
532
2.6
2
521
2.6
2
532
2.7
2
530
2.7
2
531
2.7
2
530
2.7
2
531
2.7
2
527
2.7
2
529
2.7
2
532
2.7
2
533
2.7
2
520
2.7
2
533
2.7
2
515
2.7
2
529
2.6
2
523
2.7
2
528
2.7
2
532
2.7
2
532
2.6
2
513
2.7
2
530
2.6
2
528
2.7
2
528
2.7
2
530
2.7
2
529
2.7
2
523
2.7
2
524
2.7
2
511
2.7
2
523
2.7
2
531
2.6
2
523
2.7
2
529
2.7
2
523
2.6
2
501
2.7
2
524
2.6
2
531
2.7
2
530
2.7
2
533
2.7
2
528
2.7
2
528
2.7
2
532
2.6
2
531
2.7
2
525
2.7
2
524
2.7
2
531
2.7
2
529
2.7
2
530
2.7
2
519
2.6
2
530
2.7
2
525
2.6
2
529
2.7
2
524
2.7
2
523
2.6
2
533
2.7
2
531
2.7
2
527
2.6
2
533
2.7
2
533
2.7
2
529
2.7
2
504
2.7
2
524
2.7
2
527
2.7
2
516
2.7
2
533
2.7
2
533
2.7
2
528
2.7
2
531
2.7
2
531
2.7
2
514
2.7
2
522
2.7
2
531
2.7
2
531
2.6
2
527
2.7
2
526
2.6
2
532
2.7
2
528
2.7
2
528
2.6
2
526
2.7
2
527
2.7
2
529
2.7
2
522
2.6
2
532
2.7
2
526
2.7
2
527
2.7
2
529
2.7
2
517
2.7
2
532
2.7
2
533
2.7
2
530
2.6
2
515
2.7
2
531
2.7
2
527
2.7
2
526
2.7
2
525
2.7
2
511
2.7
2
530
2.7
2
512
2.7
2
532
2.7
2
528
2.7
2
523
2.7
2
525
2.7
2
532
2.7
2
533
2.6
2
532
2.7
2
528
2.7
2
529
2.7
2
530
2.7
2
520
2.7
2
532
2.7
2
533
2.7
2
532
2.7
2
528
2.7
2
527
2.7
2
529
2.7
2
528
2.7
2
521
2.6
2
528
2.6
2
528
2.7
2
525
2.7
2
529
2.7
2
532
2.6
2
518
2.6
2
510
2.7
2
529
2.7
2
533
2.7
2
531
2.6
2
525
2.6
2
529
2.7
2
529
2.7
2
529
2.7
2
532
2.7
2
528
2.7
2
532
2.7
2
533
2.7
2
532
2.7
2
533
2.6
2
532
2.7
2
509
2.6
2
529
2.7
2
529
2.7
2
525
2.7
2
527
2.7
2
529
2.7
2
533
2.6
2
528
2.7
2
531
2.7
2
532
2.7
2
526
2.7
2
532
2.7
2
522
2.6
2
531
2.7
2
528
2.7
2
527
2.7
2
523
2.6
2
531
2.6
2
519
2.7
2
518
2.7
2
521
2.7
2
526
2.7
2
527
2.7
2
530
2.7
2
530
2.7
2
529
2.7
2
521
2.7
2
529
2.7
2
528
2.7
2
533
2.7
2
525
2.7
2
516
2.7
2
505
2.7
2
510
2.6
2
525
2.7
2
524
2.7
2
532
2.7
2
525
2.7
2
527
2.7
2
522
2.6
2
531
2.7
2
531
2.7
2
530
2.7
2
528
2.6
2
529
2.7
2
532
2.7
2
530
2.7
2
525
2.6
2
528
2.6
2
520
2.7
2
533
2.7
2
533
2.7
2
528
2.7
2
521
2.6
2
530
2.7
2
529
2.7
2
533
2.7
2
529
2.7
2
531
2.7
2
529
2.6
2
532
2.7
2
526
2.7
2
530
2.7
2
508
2.7
2
528
2.7
2
528
2.6
2
532
2.6
2
527
2.7
2
530
2.7
2
531
2.7
2
531
2.7
2
528
2.6
2
530
2.7
2
523
2.7
2
526
2.6
2
528
2.7
2
524
2.7
2
528
2.6
2
515
2.7
2
531
2.7
2
531
2.7
2
528
2.7
2
499
2.7
2
532
2.7
2
532
2.7
2
533
2.7
2
533
2.6
2
529
2.7
2
529
2.7
2
533
2.7
2
533
2.6
2
512
2.7
2
524
2.7
2
532
2.7
2
527
2.6
2
528
2.7
2
526
2.6
2
531
2.7
2
529
2.7
2
525
2.7
2
533
2.7
2
531
2.6
2
533
2.7
2
525
2.6
2
528
2.7
2
528
2.6
2
525
2.7
2
531
2.7
2
530
2.7
2
527
2.7
2
501
2.7
2
521
2.7
2
524
2.6
2
532
2.7
2
525
2.7
2
526
2.7
2
529
2.6
2
531
2.7
2
531
2.7
2
529
2.7
2
531
2.7
2
530
2.7
2
520
2.7
2
533
2.7
2
531
2.7
2
532
2.7
2
532
2.7
2
532
2.7
2
522
2.7
2
528
2.7
2
533
2.7
2
526
2.7
2
510
2.7
2
530
2.7
2
515
2.7
2
532
2.7
2
523
2.7
2
531
2.7
2
509
2.7
2
533
2.7
2
532
2.7
2
533
2.7
2
533
2.7
2
530
2.7
2
528
2.7
2
520
2.7
2
530
2.7
2
524
2.7
2
528
2.7
2
530
2.6
2
525
2.7
2
518
2.6
2
516
2.7
2
533
2.6
2
531
2.6
2
525
2.7
2
528
2.7
2
531
2.6
2
527
2.7
2
533
2.6
2
511
2.6
2
533
2.6
2
529
2.7
2
525
2.7
2
529
2.7
2
532
2.7
2
517
2.6
2
524
2.7
2
514
2.7
2
526
2.7
2
527
2.7
2
528
2.7
2
525
2.7
2
523
2.7
2
533
2.6
2
531
2.7
2
529
2.7
2
531
2.6
2
533
2.6
2
533
2.7
2
522
2.7
2
524
2.7
2
531
2.7
2
514
2.7
2
526
2.7
2
524
2.7
2
517
2.7
2
523
2.6
2
526
2.7
2
510
2.7
2
532
2.7
2
531
2.7
2
526
2.6
2
524
2.7
2
529
2.7
2
529
2.7
2
523
2.7
2
531
2.7
2
517
2.6
2
530
2.7
2
532
2.7
2
533
2.7
2
515
2.7
2
519
2.7
2
525
2.7
2
533
2.7
2
530
2.7
2
522
2.7
2
526
2.7
2
525
2.6
2
532
2.7
2
533
2.7
2
525
2.6
2
532
2.7
2
510
2.7
2
530
2.7
2
509
2.7
2
525
2.7
2
517
2.7
2
529
2.7
2
513
2.7
2
523
2.6
2
531
2.6
2
533
2.7
2
529
2.6
2
530
2.7
2
532
2.7
2
530
2.6
2
529
2.7
2
533
2.7
2
528
2.7
2
532
2.7
2
528
2.7
2
529
2.7
2
533
2.7
2
513
2.7
2
526
2.7
2
527
2.7
2
526
2.7
2
525
2.7
2
525
2.7
2
501
2.7
2
531
2.7
2
533
2.7
2
531
2.7
2
532
2.7
2
518
2.7
2
529
2.7
2
525
2.7
2
530
2.6
2
519
2.7
2
519
2.6
2
527
2.7
2
529
2.7
2
523
2.6
2
519
2.6
2
528
2.7
2
521
2.7
2
532
2.7
2
513
2.6
2
531
2.7
2
528
2.7
2
524
2.7
2
529
2.7
2
531
2.7
2
532
2.7
2
531
2.7
2
532
2.7
2
514
2.6
2
532
2.7
2
526
2.7
2
524
2.7
2
525
2.7
2
527
2.6
2
507
2.7
2
530
2.7
2
533
2.7
2
530
2.7
2
530
2.7
2
517
2.7
2
529
2.7
2
532
2.7
2
527
2.7
2
532
2.7
2
532
2.7
2
524
2.7
2
533
2.7
2
532
2.7
2
531
2.7
2
514
2.7
2
526
2.7
2
532
2.7
2
531
2.7
2
533
2.7
2
532
2.7
2
532
2.7
2
529
2.7
2
526
2.7
2
533
2.7
2
520
2.7
2
524
2.6
2
491
2.7
2
531
2.6
2
508
2.7
2
527
2.7
2
519
2.6
2
530
2.6
2
527
2.7
2
529
2.7
2
525
2.7
2
520
2.7
2
528
2.7
2
530
2.7
2
524
2.7
2
531
2.7
2
495
2.7
2
522
2.7
2
533
2.7
2
523
2.7
2
523
2.6
2
532
2.7
2
516
2.7
2
527
2.7
2
530
2.7
2
532
2.7
2
533
2.6
2
533
2.7
2
524
2.7
2
521
2.6
2
533
2.7
2
529
2.7
2
528
2.7
2
532
2.7
2
532
2.7
2
530
2.7
2
525
2.7
2
504
2.7
2
493
2.7
2
527
2.7
2
527
2.7
2
531
2.7
2
533
2.7
2
532
2.7
2
528
2.7
2
529
2.7
2
533
2.7
2
527
2.7
2
532
2.6
2
521
2.7
2
530
2.7
2
524
2.7
2
530
2.7
2
530
2.6
2
531
2.7
2
531
2.7
2
523
2.6
2
528
2.7
2
533
2.7
2
529
2.6
2
530
2.7
2
523
2.6
2
523
2.7
2
527
2.7
2
532
2.7
2
527
2.7
2
532
2.7
2
526
2.7
2
526
2.7
2
526
2.7
2
533
2.6
2
524
2.7
2
528
2.7
2
502
2.6
2
528
2.6
2
531
2.7
2
517
2.7
2
530
2.7
2
532
2.6
2
532
2.7
2
524
2.6
2
517
2.7
2
530
2.7
2
528
2.6
2
532
2.6
2
532
2.7
2
533
2.7
2
519
2.7
2
522
2.7
2
527
2.7
2
532
2.7
2
530
2.7
2
529
2.7
2
532
2.7
2
521
2.6
2
522
2.7
2
513
2.7
2
519
2.7
2
529
2.7
2
529
2.7
2
532
2.7
2
527
2.7
2
532
2.7
2
532
2.7
2
526
2.7
2
520
2.6
2
515
2.7
2
531
2.7
2
526
2.7
2
533
2.7
2
525
2.7
2
532
2.7
2
531
2.7
2
532
2.7
2
533
2.7
2
521
2.7
2
529
2.7
2
524
2.6
2
528
2.7
2
529
2.7
2
532
2.7
2
533
2.7
2
526
2.6
2
528
2.7
2
522
2.7
2
530
2.7
2
533
2.7
2
532
2.6
2
532
2.7
2
530
2.7
2
529
2.7
2
533
2.7
2
531
2.7
2
531
2.7
2
533
2.7
2
530
2.7
2
528
2.7
2
524
2.7
2
528
2.7
2
523
2.7
2
527
2.7
2
533
2.6
2
532
2.6
2
527
2.7
2
512
2.7
2
532
2.7
2
533
2.6
2
524
2.7
2
519
2.7
2
526
2.7
2
520
2.7
2
532
2.7
2
529
2.7
2
531
2.6
2
533
2.7
2
533
2.7
2
518
2.7
2
532
2.7
2
530
2.7
2
528
2.7
2
529
2.6
2
527
2.7
2
525
2.6
2
530
2.7
2
530
2.7
2
530
2.7
2
530
2.7
2
532
2.7
2
532
2.7
2
518
2.7
2
533
2.7
2
522
2.7
2
533
2.7
2
530
2.7
2
530
2.7
2
503
2.7
2
514
2.7
2
520
2.7
2
529
2.7
2
532
2.7
2
505
2.7
2
532
2.7
2
532
2.7
2
532
2.7
2
519
2.7
2
530
2.7
2
528
2.6
2
529
2.7
2
513
2.7
2
526
2.7
2
528
2.7
2
530
2.7
2
530
2.7
2
